[gd_scene load_steps=37 format=2]

[ext_resource path="res://src/map/prefabricates/building/Building_1.tscn" type="PackedScene" id=1]
[ext_resource path="res://src/map/prefabricates/building/Building_5.tscn" type="PackedScene" id=2]
[ext_resource path="res://src/map/prefabricates/building/LandingPlateform.tscn" type="PackedScene" id=3]
[ext_resource path="res://src/map/prefabricates/building/Building.tscn" type="PackedScene" id=4]
[ext_resource path="res://src/map/prefabricates/vehicle/Lander.tscn" type="PackedScene" id=5]
[ext_resource path="res://src/map/prefabricates/building/Building_3.tscn" type="PackedScene" id=6]
[ext_resource path="res://src/map/prefabricates/building/Building_4.tscn" type="PackedScene" id=7]
[ext_resource path="res://src/map/prefabricates/environment/environment_meshLibrary.tres" type="MeshLibrary" id=8]
[ext_resource path="res://src/map/prefabricates/props/props_meshLibrary.tres" type="MeshLibrary" id=9]
[ext_resource path="res://src/map/prefabricates/props/Path.tscn" type="PackedScene" id=10]
[ext_resource path="res://src/map/prefabricates/props/SolarPanel_1.tscn" type="PackedScene" id=11]
[ext_resource path="res://src/entity/character/player/player.tscn" type="PackedScene" id=12]
[ext_resource path="res://asset/img/background/scene_1_background.png" type="Texture" id=13]
[ext_resource path="res://src/mechanics/objective_fix.tscn" type="PackedScene" id=14]
[ext_resource path="res://src/ui/tutorial/tutorial.tscn" type="PackedScene" id=15]
[ext_resource path="res://src/ui/game/game.tscn" type="PackedScene" id=16]
[ext_resource path="res://src/entity/blackhole/blackhole.tscn" type="PackedScene" id=17]
[ext_resource path="res://src/entity/ship/CamoStellarJet.tscn" type="PackedScene" id=18]
[ext_resource path="res://src/map/scenes/scene_1.gd" type="Script" id=19]
[ext_resource path="res://src/mechanics/orchestrator.tscn" type="PackedScene" id=20]
[ext_resource path="res://src/ui/hud/hud.tscn" type="PackedScene" id=21]
[ext_resource path="res://src/entity/ship/RedFighter.tscn" type="PackedScene" id=22]
[ext_resource path="res://src/entity/ship/GalactixRacer.tscn" type="PackedScene" id=23]
[ext_resource path="res://src/entity/ship/UltravioletIntruder.tscn" type="PackedScene" id=24]
[ext_resource path="res://src/entity/ship/MeteorSlicer.tscn" type="PackedScene" id=25]
[ext_resource path="res://src/entity/ship/Warship.tscn" type="PackedScene" id=26]
[ext_resource path="res://src/map/prefabricates/vehicle/Truck_Body_1.tscn" type="PackedScene" id=27]

[sub_resource type="PanoramaSky" id=2]
panorama = ExtResource( 13 )

[sub_resource type="Environment" id=1]
background_mode = 2
background_sky = SubResource( 2 )
background_sky_custom_fov = 112.0
background_color = Color( 0.607843, 0.109804, 0.109804, 1 )
background_energy = 0.8
ambient_light_energy = 3.09
ambient_light_sky_contribution = 0.7
fog_color = Color( 0.960784, 0, 0, 1 )
fog_sun_color = Color( 1, 0.901961, 0.701961, 1 )
fog_sun_amount = 0.56
fog_height_min = -1311.7
tonemap_white = 3.0
ss_reflections_enabled = true
glow_enabled = true
glow_intensity = 1.36
glow_strength = 1.02
glow_bloom = 0.05
glow_blend_mode = 0
glow_hdr_threshold = 0.9
glow_bicubic_upscale = true
adjustment_enabled = true
adjustment_brightness = 2.18

[sub_resource type="Curve3D" id=3]
_data = {
"points": PoolVector3Array( 0, 0, 0, 0, 0, 0, 11.6703, -0.0437369, -30.5293, 0, 0, 0, 0, 0, 0, -25.2334, -4.37287, 23.2535 ),
"tilts": PoolRealArray( 0, 0 )
}

[sub_resource type="Curve3D" id=4]
_data = {
"points": PoolVector3Array( 0, 0, 0, 0, 0, 0, 1.66012, -15.0343, -6.90396, 0, 0, 0, 0, 0, 0, 22.9397, -15.0343, -8.07685, 0, 0, 0, 0, 0, 0, 50.9216, -15.0343, -7.57419, 0, 0, 0, 0, 0, 0, 69.3527, -15.0343, -7.07151, 0, 0, 0, 0, 0, 0, 92.8105, -15.0343, -9.24974 ),
"tilts": PoolRealArray( 0, 0, 0, 0, 0 )
}

[sub_resource type="Curve3D" id=5]
_data = {
"points": PoolVector3Array( 0, 0, 0, 0, 0, 0, -10.0688, -15.0343, -14.2764, 0, 0, 0, 0, 0, 0, 7.69213, -15.0343, -15.1142, 0, 0, 0, 0, 0, 0, 34.5011, -15.0343, -14.9466, 0, 0, 0, 0, 0, 0, 59.802, -15.0343, -13.6062, 0, 0, 0, 0, 0, 0, 85.6056, -15.0343, -17.2924, 0, 0, 0, 0, 0, 0, 102.361, -15.0343, -18.1302 ),
"tilts": PoolRealArray( 0, 0, 0, 0, 0, 0 )
}

[sub_resource type="Curve3D" id=6]
_data = {
"points": PoolVector3Array( 0, 0, 0, 0, 0, 0, -13.0848, -15.0343, 4.32228, 0, 0, 0, 0, 0, 0, 15.7348, -15.0343, 3.98717, 0, 0, 0, 0, 0, 0, 32.3229, -15.0343, 4.15473, 0, 0, 0, 0, 0, 0, 52.4296, -15.0343, 3.81962, 0, 0, 0, 0, 0, 0, 68.6825, -15.0343, 3.48451, 0, 0, 0, 0, 0, 0, 88.9568, -15.0343, 3.81962 ),
"tilts": PoolRealArray( 0, 0, 0, 0, 0, 0 )
}

[sub_resource type="Curve3D" id=7]
_data = {
"points": PoolVector3Array( 0, 0, 0, 0, 0, 0, 5.17879, -15.0343, -39.7449, 0, 0, 0, 0, 0, 0, 32.4904, -15.0343, -41.9231, 0, 0, 0, 0, 0, 0, 60.9749, -15.0343, -40.9178, 0, 0, 0, 0, 0, 0, 85.103, -15.0343, -43.096, 0, 0, 0, 0, 0, 0, 105.21, -15.0343, -43.096 ),
"tilts": PoolRealArray( 0, 0, 0, 0, 0 )
}

[sub_resource type="Curve3D" id=8]
_data = {
"points": PoolVector3Array( 0, 0, 0, 0, 0, 0, -2.8639, -15.0343, -54.3223, 0, 0, 0, 0, 0, 0, 23.4424, -15.0343, -54.825, 0, 0, 0, 0, 0, 0, 52.9322, -15.0343, -53.1494, 0, 0, 0, 0, 0, 0, 78.5683, -15.0343, -54.3223, 0, 0, 0, 0, 0, 0, 109.231, -15.0343, -56.1654 ),
"tilts": PoolRealArray( 0, 0, 0, 0, 0 )
}

[sub_resource type="Curve3D" id=9]
_data = {
"points": PoolVector3Array( 0, 0, 0, 0, 0, 0, -7.05279, -15.0343, -49.4632, 0, 0, 0, 0, 0, 0, 25.4531, -15.0343, -49.1281, 0, 0, 0, 0, 0, 0, 61.9802, -15.0343, -49.6307, 0, 0, 0, 0, 0, 0, 88.6216, -15.0343, -47.7876, 0, 0, 0, 0, 0, 0, 112.415, -15.0343, -49.6307 ),
"tilts": PoolRealArray( 0, 0, 0, 0, 0 )
}

[node name="scene_1" type="Spatial"]
transform = Transform( 1, 0, 0, 0, 1, 0, 0, 0, 1, -0.0470695, 0.0342503, 0.00810432 )
script = ExtResource( 19 )

[node name="worldEnvironment" type="WorldEnvironment" parent="."]
environment = SubResource( 1 )

[node name="orchestrator" parent="." instance=ExtResource( 20 )]
SCORE_MAX = 10
SCORE_WIN_TIME_REDUCTION = 5.0

[node name="gui" type="CanvasLayer" parent="."]

[node name="hud" parent="gui" instance=ExtResource( 21 )]

[node name="game" parent="gui" instance=ExtResource( 16 )]
visible = false

[node name="tutorial" parent="gui" instance=ExtResource( 15 )]

[node name="DirectionalLight" type="DirectionalLight" parent="."]
light_energy = 0.328

[node name="platform" type="Spatial" parent="."]
__meta__ = {
"_edit_group_": true
}

[node name="environment" type="GridMap" parent="platform"]
mesh_library = ExtResource( 8 )
cell_size = Vector3( 2.5, 1, 2.5 )
cell_center_y = false
data = {
"cells": PoolIntArray( 0, 0, 35, 1, 0, 35, 2, 0, 35, 3, 0, 35, 4, 0, 35, 65530, 0, 35, 65531, 0, 35, 65532, 0, 35, 65533, 0, 35, 65534, 0, 35, 65535, 0, 35, 0, 1, 35, 1, 1, 35, 2, 1, 35, 3, 1, 35, 4, 1, 35, 65530, 1, 35, 65531, 1, 35, 65532, 1, 35, 65533, 1, 35, 65534, 1, 35, 65535, 1, 35, 0, 2, 35, 1, 2, 35, 2, 2, 35, 3, 2, 35, 4, 2, 35, 65530, 2, 35, 65531, 2, 35, 65532, 2, 35, 65533, 2, 35, 65534, 2, 35, 65535, 2, 35, 0, 65533, 35, 1, 65533, 35, 2, 65533, 35, 3, 65533, 35, 4, 65533, 35, 5, 65533, 35, 65530, 65533, 35, 65531, 65533, 35, 65532, 65533, 35, 65533, 65533, 35, 65534, 65533, 35, 65535, 65533, 35, 0, 65534, 35, 1, 65534, 35, 2, 65534, 35, 3, 65534, 35, 4, 65534, 35, 5, 65534, 35, 65530, 65534, 35, 65531, 65534, 35, 65532, 65534, 35, 65533, 65534, 35, 65534, 65534, 35, 65535, 65534, 35, 0, 65535, 35, 1, 65535, 35, 2, 65535, 35, 3, 65535, 35, 4, 65535, 35, 5, 65535, 35, 65530, 65535, 35, 65531, 65535, 35, 65532, 65535, 35, 65533, 65535, 35, 65534, 65535, 35, 65535, 65535, 35 )
}
__meta__ = {
"_edit_lock_": true,
"_editor_clip_": 0,
"_editor_floor_": Vector3( 0, 0, 0 )
}

[node name="props" type="GridMap" parent="platform"]
mesh_library = ExtResource( 9 )
cell_center_y = false
data = {
"cells": PoolIntArray( 6, 1, 46, 2, 2, 0, 5, 2, 45, 65533, 2, 0, 2, 65532, 53 )
}
__meta__ = {
"_edit_lock_": true,
"_editor_clip_": 0,
"_editor_floor_": Vector3( 0, 0, 0 )
}

[node name="buildings" type="Spatial" parent="platform"]
__meta__ = {
"_edit_group_": true
}

[node name="cargo" parent="platform/buildings" instance=ExtResource( 1 )]
transform = Transform( 1, 0, 0, 0, 1, 0, 0, 0, 1, 9.59209, 0.0999999, 2.95571 )

[node name="hydroponics" parent="platform/buildings" instance=ExtResource( 2 )]
transform = Transform( -4.37114e-08, 0, -1, 0, 1, 0, 1, 0, -4.37114e-08, 10.3528, 0.1, -5.12257 )

[node name="telecommunications" parent="platform/buildings" instance=ExtResource( 3 )]
transform = Transform( 0.438575, 0, 0.898695, 0, 1, 0, -0.898695, 0, 0.438575, -10.284, 0.1, -1.61025 )

[node name="medical" parent="platform/buildings" instance=ExtResource( 4 )]
transform = Transform( -0.800219, 0, 0.599708, 0, 1, 0, -0.599708, 0, -0.800219, -10.2346, 0.0999999, 3.43784 )

[node name="bridge" type="Spatial" parent="platform/buildings"]
transform = Transform( 1, 0, 0, 0, 1, 0, 0, 0, 1, 0.00430107, 0.1, -0.00541019 )

[node name="Building_3" parent="platform/buildings/bridge" instance=ExtResource( 6 )]
transform = Transform( -4.37114e-08, 0, 1, 0, 1, 0, -1, 0, -4.37114e-08, 0, 5.96046e-08, 6 )

[node name="Building_8" parent="platform/buildings/bridge" instance=ExtResource( 6 )]
transform = Transform( -4.37114e-08, 0, 1, 0, 1, 0, -1, 0, -4.37114e-08, -1.74316, 5.96046e-08, 5.16238 )

[node name="Building_7" parent="platform/buildings/bridge" instance=ExtResource( 6 )]
transform = Transform( -4.37114e-08, 0, 1, 0, 1, 0, -1, 0, -4.37114e-08, 1.72614, 1.78814e-07, 5.05933 )

[node name="engineering" type="Spatial" parent="platform/buildings"]
transform = Transform( 0.999888, 0, 0.0149743, 0, 1, 0, -0.0149743, 0, 0.999888, -5.90988, 0, -6.01935 )

[node name="Building_4" parent="platform/buildings/engineering" instance=ExtResource( 7 )]
transform = Transform( 0.472228, 0, -0.881477, 0, 1, 0, 0.881477, 0, 0.472228, -1.0069, 0.0999999, -3.33786e-06 )

[node name="Building_5" parent="platform/buildings/engineering" instance=ExtResource( 7 )]
transform = Transform( 0.472228, 0, -0.881477, 0, 1, 0, 0.881477, 0, 0.472228, -3.47197, 0.1, -0.0369191 )

[node name="Building_6" parent="platform/buildings/engineering" instance=ExtResource( 7 )]
transform = Transform( -0.347214, 0, -0.937786, 0, 1, 0, 0.937786, 0, -0.347214, 2, 0.1, 0 )

[node name="Lander" parent="platform/buildings" instance=ExtResource( 5 )]
transform = Transform( 0.928233, 0, 0.372, 0, 1, 0, -0.372, 0, 0.928233, -0.461419, 0.1, -6.19466 )

[node name="Truck_Body_1" parent="platform/buildings" instance=ExtResource( 27 )]
transform = Transform( -0.426, 0, -0.904723, 0, 1, 0, 0.904723, 0, -0.426, 2.36458, 0.0999999, -4.92843 )

[node name="path" type="Spatial" parent="platform"]
__meta__ = {
"_edit_group_": true,
"_edit_lock_": true
}

[node name="Path19" parent="platform/path" instance=ExtResource( 10 )]
transform = Transform( 0.609578, 0, 0.792726, 0, 1, 0, -0.792726, 0, 0.609578, -7.38188, 0.1, 0.999367 )

[node name="Path15" parent="platform/path" instance=ExtResource( 10 )]
transform = Transform( -0.626468, 0, 0.779447, 0, 1, 0, -0.779447, 0, -0.626468, -6.79069, 0.1, 2.05367 )

[node name="Path16" parent="platform/path" instance=ExtResource( 10 )]
transform = Transform( -0.626468, 0, 0.779447, 0, 1, 0, -0.779447, 0, -0.626468, -5.2669, 0.1, 0.666523 )

[node name="Path12" parent="platform/path" instance=ExtResource( 10 )]
transform = Transform( 0.979399, 0, 0.201933, 0, 1, 0, -0.201933, 0, 0.979399, -5.71275, 0.1, -2.67151 )

[node name="Path13" parent="platform/path" instance=ExtResource( 10 )]
transform = Transform( 0.979399, 0, 0.201933, 0, 1, 0, -0.201933, 0, 0.979399, -5.265, 0.1, -0.713763 )

[node name="Path14" parent="platform/path" instance=ExtResource( 10 )]
transform = Transform( 0.979399, 0, 0.201933, 0, 1, 0, -0.201933, 0, 0.979399, -4.79593, 0.1, 1.21182 )

[node name="Path3" parent="platform/path" instance=ExtResource( 10 )]
transform = Transform( 0.0712885, 0, 0.997456, 0, 1, 0, -0.997456, 0, 0.0712885, -1.68871, 0.1, 2.14183 )

[node name="Path4" parent="platform/path" instance=ExtResource( 10 )]
transform = Transform( -0.00132645, 0, 0.999999, 0, 1, 0, -0.999999, 0, -0.00132645, 0.400332, 0.1, 2.14183 )

[node name="Path17" parent="platform/path" instance=ExtResource( 10 )]
transform = Transform( 0.989377, 0, -0.145375, 0, 1, 0, 0.145375, 0, 0.989377, -0.755801, 0.1, 3.92497 )

[node name="Path5" parent="platform/path" instance=ExtResource( 10 )]
transform = Transform( -0.00132645, 0, 0.999999, 0, 1, 0, -0.999999, 0, -0.00132645, 2.41499, 0.1, 2.14183 )

[node name="Path6" parent="platform/path" instance=ExtResource( 10 )]
transform = Transform( -0.00132645, 0, 0.999999, 0, 1, 0, -0.999999, 0, -0.00132645, 4.43242, 0.1, 2.14183 )

[node name="Path7" parent="platform/path" instance=ExtResource( 10 )]
transform = Transform( -0.00132645, 0, 0.999999, 0, 1, 0, -0.999999, 0, -0.00132645, 6.42669, 0.1, 2.14183 )

[node name="Path8" parent="platform/path" instance=ExtResource( 10 )]
transform = Transform( -0.791853, 0, 0.610712, 0, 1, 0, -0.610712, 0, -0.791853, 7.84997, 0.1, 0.543812 )

[node name="Path18" parent="platform/path" instance=ExtResource( 10 )]
transform = Transform( 0.591577, 0, 0.806248, 0, 1, 0, -0.806248, 0, 0.591577, 8.28582, 0.1, 2.79302 )

[node name="Path9" parent="platform/path" instance=ExtResource( 10 )]
transform = Transform( -0.990798, 0, -0.135352, 0, 1, 0, 0.135352, 0, -0.990798, 7.59373, 0.1, -1.76465 )

[node name="Path10" parent="platform/path" instance=ExtResource( 10 )]
transform = Transform( -0.765191, 0, -0.643803, 0, 1, 0, 0.643803, 0, -0.765191, 6.05786, 0.1, -3.68301 )

[node name="Path11" parent="platform/path" instance=ExtResource( 10 )]
transform = Transform( -0.971557, 0, -0.236804, 0, 1, 0, 0.236804, 0, -0.971557, 5.53913, 0.1, -5.23029 )

[node name="more_props" type="Spatial" parent="platform"]
__meta__ = {
"_edit_group_": true,
"_edit_lock_": true
}

[node name="SolarPanel_1" parent="platform/more_props" instance=ExtResource( 11 )]
transform = Transform( 0.683338, 0, -0.730103, 0, 1, 0, 0.730103, 0, 0.683338, 6.87905, 0.1, 4.68269 )

[node name="SolarPanel_2" parent="platform/more_props" instance=ExtResource( 11 )]
transform = Transform( -0.328405, 0, -0.944537, 0, 1, 0, 0.944537, 0, -0.328405, 12.5205, 0.0999999, 0.139539 )

[node name="SolarPanel_3" parent="platform/more_props" instance=ExtResource( 11 )]
transform = Transform( -0.328405, 0, -0.944537, 0, 1, 0, 0.944537, 0, -0.328405, 11.0234, 0.1, -0.32409 )

[node name="OmniLight" type="OmniLight" parent="platform/more_props"]
transform = Transform( 1, 0, 0, 0, 1, 0, 0, 0, 1, 13.0637, 1.1223, 2.98784 )
light_color = Color( 1, 0, 0, 1 )
omni_range = 2.0

[node name="OmniLight2" type="OmniLight" parent="platform/more_props"]
transform = Transform( 1, 0, 0, 0, 1, 0, 0, 0, 1, 11.1583, 0.882078, 5.05447 )
light_color = Color( 1, 0, 0, 1 )
omni_range = 2.0

[node name="objectives" type="Spatial" parent="platform"]
transform = Transform( 1, 0, 0, 0, 1, 0, 0, 0, 1, 0, 0.249679, 0 )
__meta__ = {
"_edit_group_": true,
"_edit_lock_": true
}

[node name="objective_fix1" parent="platform/objectives" instance=ExtResource( 14 )]
transform = Transform( 1, 0, 0, 0, 1, 0, 0, 0, 1, -7.42111, -0.164487, -3.95796 )

[node name="objective_fix2" parent="platform/objectives" instance=ExtResource( 14 )]
transform = Transform( 1, 0, 0, 0, 1, 0, 0, 0, 1, -9.13047, -0.164487, 1.07416 )

[node name="objective_fix3" parent="platform/objectives" instance=ExtResource( 14 )]
transform = Transform( 1, 0, 0, 0, 1, 0, 0, 0, 1, -0.0446854, -0.164487, -2.86683 )

[node name="objective_fix4" parent="platform/objectives" instance=ExtResource( 14 )]
transform = Transform( 1, 0, 0, 0, 1, 0, 0, 0, 1, 7.245, -0.0144868, 1.324 )

[node name="objective_fix5" parent="platform/objectives" instance=ExtResource( 14 )]
transform = Transform( 1, 0, 0, 0, 1, 0, 0, 0, 1, 6.797, -0.0480656, -3.157 )

[node name="objective_fix6" parent="platform/objectives" instance=ExtResource( 14 )]
transform = Transform( 1, 0, 0, 0, 1, 0, 0, 0, 1, -0.015, -0.014487, 2.4 )

[node name="player" parent="platform" instance=ExtResource( 12 )]
transform = Transform( -1, 0, -8.74228e-08, 0, 1, 0, 8.74228e-08, 0, -1, 0, 0.0768359, 0 )

[node name="blackhole" type="Spatial" parent="."]
transform = Transform( 1, 0, 0, 0, 1, 0, 0, 0, 1, 42.1986, 7.02325, -47.1035 )
__meta__ = {
"_editor_description_": ""
}

[node name="Path" type="Path" parent="blackhole"]
curve = SubResource( 3 )

[node name="PathFollow" type="PathFollow" parent="blackhole/Path"]
transform = Transform( 0.99946, 0.00602255, 0.0323092, -0.00622213, 0.999962, 0.00608004, -0.0322714, -0.00627779, 0.999459, 11.6703, -0.0437369, -30.5293 )
loop = false

[node name="blackhole" parent="blackhole/Path/PathFollow" instance=ExtResource( 17 )]
transform = Transform( 1, -1.01863e-10, -3.72529e-09, -6.25732e-10, 1, 9.31323e-10, 0, 4.65661e-10, 1, 0, 0, 0 )
__meta__ = {
"_edit_lock_": true
}

[node name="ships" type="Spatial" parent="."]
transform = Transform( 1, 0, 0, 0, 1, 0, 0, 0, 1, -50, 2.5475, 24.8324 )
__meta__ = {
"_editor_description_": ""
}

[node name="path1" type="Path" parent="ships"]
transform = Transform( 1, 0, 0, 0, 1, 0, 0, 0, 1, 0, -2.15668, -0.151966 )
curve = SubResource( 4 )
__meta__ = {
"_edit_group_": true
}

[node name="PathFollow" type="PathFollow" parent="ships/path1"]
transform = Transform( 1, 0, 0, 0, 1, 0, 0, 0, 1, 1.66012, 4.9657, -6.90396 )
v_offset = 20.0

[node name="CamoStellarJet" parent="ships/path1/PathFollow" instance=ExtResource( 18 )]
transform = Transform( -4.37114e-08, 0, 1, 0, 1, 0, -1, 0, -4.37114e-08, 0, 0, 0 )
speed = 17.0

[node name="path2" type="Path" parent="ships"]
transform = Transform( 1, 0, 0, 0, 1, 0, 0, 0, 1, 0, -4.02134, 0 )
curve = SubResource( 5 )
__meta__ = {
"_edit_group_": true
}

[node name="PathFollow" type="PathFollow" parent="ships/path2"]
transform = Transform( 1, 0, 0, 0, 1, 0, 0, 0, 1, -10.0688, 4.9657, -14.2764 )
v_offset = 20.0

[node name="GalactixRacer" parent="ships/path2/PathFollow" instance=ExtResource( 23 )]
transform = Transform( -4.37114e-08, 0, 1, 0, 1, 0, -1, 0, -4.37114e-08, 0, 0, 0 )
speed = 15.0

[node name="path3" type="Path" parent="ships"]
curve = SubResource( 6 )
__meta__ = {
"_edit_group_": true
}

[node name="PathFollow" type="PathFollow" parent="ships/path3"]
transform = Transform( 1, 0, 0, 0, 1, 0, 0, 0, 1, -13.0848, 4.9657, 4.32228 )
v_offset = 20.0

[node name="MeteorSlicer" parent="ships/path3/PathFollow" instance=ExtResource( 25 )]
transform = Transform( -4.37114e-08, 0, 1, 0, 1, 0, -1, 0, -4.37114e-08, 0.167557, 0, -0.167557 )
speed = 19.0

[node name="path4" type="Path" parent="ships"]
curve = SubResource( 7 )
__meta__ = {
"_edit_group_": true
}

[node name="PathFollow" type="PathFollow" parent="ships/path4"]
transform = Transform( 1, 0, 0, 0, 1, 0, 0, 0, 1, 5.17879, 4.9657, -39.7449 )
v_offset = 20.0

[node name="RedFighter" parent="ships/path4/PathFollow" instance=ExtResource( 22 )]
transform = Transform( -4.37114e-08, 0, 1, 0, 1, 0, -1, 0, -4.37114e-08, 0, 0, 0 )
speed = 22.0

[node name="path5" type="Path" parent="ships"]
transform = Transform( 1, 0, 0, 0, 1, 0, 0, 0, 1, 0, 2.29653, 2.27944 )
curve = SubResource( 8 )
__meta__ = {
"_edit_group_": true
}

[node name="PathFollow" type="PathFollow" parent="ships/path5"]
transform = Transform( 1, 0, 0, 0, 1, 0, 0, 0, 1, -2.8639, 4.9657, -54.3223 )
v_offset = 20.0

[node name="UltravioletIntruder" parent="ships/path5/PathFollow" instance=ExtResource( 24 )]
transform = Transform( -4.37114e-08, 0, 1, 0, 1, 0, -1, 0, -4.37114e-08, 0, 0, 0 )
speed = 15.0

[node name="path6" type="Path" parent="ships"]
transform = Transform( 1, 0, 0, 0, 1, 0, 0, 0, 1, 0, -3.28076, 0 )
curve = SubResource( 9 )
__meta__ = {
"_edit_group_": true
}

[node name="PathFollow" type="PathFollow" parent="ships/path6"]
transform = Transform( 1, 0, 0, 0, 1, 0, 0, 0, 1, -7.05279, 4.9657, -49.4632 )
v_offset = 20.0

[node name="Warship" parent="ships/path6/PathFollow" instance=ExtResource( 26 )]
transform = Transform( -4.37114e-08, 0, 1, 0, 1, 0, -1, 0, -4.37114e-08, 0, 0, 0 )
speed = 14.0
